		Report
---------------------------------------------------------
total records: 130 records found!
total clusters: 3 clusters found!
Accuracy: 93.08%
Time Taken: 26.90 seconds

Id	|Cluster	|Original	|Accuracy
---------------------------------------------------------
1	|3		|3		|1
4	|3		|3		|1
5	|3		|3		|1
6	|3		|3		|1
7	|1		|1		|1
8	|3		|3		|1
9	|3		|3		|1
10	|3		|3		|1
11	|3		|3		|1
12	|3		|3		|1
13	|3		|3		|1
15	|3		|3		|1
18	|1		|1		|1
19	|1		|1		|1
21	|1		|1		|1
24	|1		|1		|1
35	|2		|2		|1
36	|3		|3		|1
37	|1		|1		|1
41	|1		|3		|0
42	|1		|1		|1
43	|3		|3		|1
44	|1		|1		|1
46	|3		|3		|1
47	|1		|1		|1
48	|3		|3		|1
49	|1		|1		|1
50	|1		|1		|1
51	|3		|3		|1
52	|3		|3		|1
55	|1		|1		|1
56	|1		|1		|1
57	|3		|3		|1
58	|1		|1		|1
60	|1		|1		|1
65	|3		|3		|1
67	|3		|3		|1
68	|3		|3		|1
70	|3		|3		|1
71	|1		|1		|1
72	|2		|2		|1
75	|1		|3		|0
76	|3		|3		|1
77	|3		|3		|1
78	|3		|3		|1
79	|1		|1		|1
80	|3		|3		|1
81	|2		|2		|1
82	|3		|3		|1
83	|3		|3		|1
84	|3		|3		|1
86	|1		|1		|1
87	|3		|3		|1
88	|1		|1		|1
89	|3		|3		|1
91	|3		|1		|0
93	|1		|1		|1
95	|1		|1		|1
96	|3		|3		|1
97	|1		|1		|1
98	|3		|3		|1
99	|1		|1		|1
101	|1		|1		|1
103	|1		|1		|1
104	|1		|1		|1
106	|3		|3		|1
107	|1		|1		|1
108	|2		|2		|1
112	|1		|1		|1
113	|3		|3		|1
115	|3		|1		|0
116	|3		|3		|1
118	|1		|1		|1
122	|1		|1		|1
124	|1		|1		|1
125	|3		|3		|1
126	|3		|2		|0
127	|3		|3		|1
131	|1		|1		|1
132	|3		|3		|1
133	|3		|1		|0
137	|3		|3		|1
138	|3		|3		|1
142	|1		|1		|1
151	|3		|3		|1
152	|1		|1		|1
155	|3		|3		|1
158	|1		|1		|1
159	|3		|3		|1
160	|1		|1		|1
162	|3		|3		|1
163	|1		|1		|1
164	|3		|3		|1
174	|3		|3		|1
175	|1		|1		|1
177	|1		|1		|1
178	|1		|1		|1
179	|3		|3		|1
180	|3		|3		|1
181	|1		|1		|1
182	|3		|1		|0
183	|1		|1		|1
184	|1		|1		|1
186	|3		|3		|1
188	|3		|3		|1
189	|1		|1		|1
195	|2		|2		|1
200	|1		|1		|1
201	|2		|2		|1
202	|3		|3		|1
203	|3		|3		|1
204	|1		|1		|1
205	|1		|3		|0
206	|1		|1		|1
207	|3		|3		|1
208	|3		|3		|1
209	|1		|1		|1
211	|3		|3		|1
212	|3		|3		|1
213	|3		|3		|1
214	|3		|3		|1
215	|1		|3		|0
216	|1		|1		|1
217	|3		|3		|1
218	|1		|1		|1
219	|2		|2		|1
220	|1		|1		|1
221	|1		|1		|1
222	|2		|2		|1
223	|1		|1		|1